0 97 43 45 36 4 83 2 33 74 71 27 7 21 81 25 56 40 59 10 69 30 50 8 20 85 58 96 86 55 32 49 44 63 24 64 14 54 91 28 95 70 29 62 92 77 15 17 46 73 26 99 37 87 65 18 84 12 13 9 51 75 35 47 72 60 57 23 39 82 48 93 67 90 79 22 89 42 6 11 52 41 80 100 94 98 53 88 16 19 66 31 78 5 38 3 68 34 61 101 76 101
0 78 14 33 2 64 66 82 12 92 21 79 67 51 60 27 17 26 89 22 75 81 93 85 20 58 42 57 47 43 10 97 59 56 55 48 9 45 39 30 23 40 50 8 99 87 69 25 90 6 71 72 18 84 4 54 36 15 80 7 41 98 96 77 100 70 29 11 88 94 32 73 62 95 91 46 37 35 52 28 83 86 63 16 44 49 53 13 24 76 65 34 74 38 3 68 31 101 61 19 5 101
0 10 97 30 79 50 47 27 21 93 20 81 89 39 23 8 43 56 40 59 57 48 90 6 82 25 69 75 51 98 92 100 77 94 45 19 73 96 88 46 80 70 13 87 9 26 22 85 42 67 60 55 99 7 52 11 15 41 17 72 71 32 54 4 37 12 86 49 65 33 2 14 35 95 16 29 53 84 18 58 36 62 44 91 64 83 28 24 63 3 38 31 66 68 34 78 101 5 76 74 61 101
0 30 82 12 92 19 31 96 21 15 37 90 67 25 59 97 40 10 20 27 50 47 43 69 85 41 23 93 22 8 57 56 48 6 79 51 54 77 70 46 17 94 91 49 33 2 73 24 86 44 74 14 83 64 80 100 7 11 42 45 89 26 72 75 81 13 52 87 58 9 39 95 60 99 84 55 36 18 4 32 65 35 71 88 29 62 16 53 98 78 63 28 66 68 34 38 3 61 5 101 76 101
0 62 80 16 65 64 68 92 98 27 42 29 55 89 10 30 43 97 59 69 40 79 22 81 39 82 8 57 21 67 25 6 45 50 56 93 20 23 18 36 26 41 37 71 12 4 83 49 33 2 91 84 58 72 85 51 75 90 47 60 9 87 99 52 78 96 17 77 19 88 54 15 13 94 48 35 7 11 46 34 73 32 70 100 95 38 31 5 74 66 86 63 28 14 24 44 53 61 76 101 3 101
0 8 97 30 10 20 59 69 48 85 33 58 79 80 42 89 11 26 54 64 101 14 2 96 78 65 7 17 41 52 49 32 94 53 62 74 63 86 44 83 28 24 16 73 18 60 87 43 25 56 27 23 40 82 50 39 57 6 90 81 93 67 22 45 99 75 47 35 4 51 9 12 84 91 55 72 37 71 36 21 95 13 29 46 92 70 15 98 19 88 100 3 34 76 31 68 66 77 38 5 61 101
0 20 46 67 60 85 79 81 43 56 97 10 59 50 30 87 69 23 66 4 33 92 80 19 15 58 26 62 98 16 91 49 2 65 74 44 83 53 35 73 94 28 63 64 86 24 14 12 18 36 84 32 55 37 54 51 71 25 89 75 9 8 47 72 45 22 93 40 48 27 90 57 82 99 21 6 42 13 41 39 11 7 29 52 95 88 96 17 100 70 3 31 77 78 68 34 61 5 101 76 38 101
0 21 47 65 10 97 56 59 43 30 87 101 54 45 79 42 67 81 60 48 23 89 39 82 50 90 22 93 20 85 25 40 6 57 8 37 51 99 72 75 55 26 69 27 7 9 4 36 18 84 83 70 41 58 13 71 95 96 15 92 63 12 49 33 2 32 86 74 64 53 17 77 11 16 52 19 46 80 88 94 73 98 100 29 62 14 91 44 28 24 31 68 76 38 3 78 66 35 5 34 61 101
0 91 77 16 7 85 81 59 56 10 97 4 67 21 8 65 49 24 66 63 98 53 70 100 96 92 17 80 32 71 69 72 99 55 82 58 47 30 23 90 45 75 9 57 20 93 27 13 41 89 22 26 79 87 42 39 48 25 43 50 6 60 35 88 62 19 15 95 52 94 46 11 40 54 36 12 51 73 37 29 84 18 83 2 86 33 44 14 74 64 68 78 28 5 31 3 38 76 101 61 34 101
0 81 10 97 42 27 93 55 51 47 30 58 39 60 23 43 25 59 37 71 75 69 56 82 48 8 40 21 79 67 20 72 50 6 89 22 87 85 90 26 9 45 18 12 36 62 95 91 49 2 46 53 64 98 4 28 33 24 83 32 65 84 31 34 5 54 74 38 68 78 3 96 99 17 16 13 41 29 7 11 52 66 94 100 77 15 57 19 88 80 70 92 73 14 35 63 44 61 76 101 86 101
0 17 47 91 84 44 31 95 65 33 49 86 2 38 28 24 14 83 69 36 73 42 21 27 93 67 30 52 16 55 97 40 56 43 85 25 59 50 23 8 99 18 9 41 35 4 37 32 46 92 15 80 11 57 39 26 60 89 20 81 48 10 6 82 22 90 7 87 45 79 75 58 72 71 51 54 12 13 98 62 29 53 94 88 96 19 70 77 76 100 78 3 68 66 64 63 74 5 61 101 34 101
0 4 12 60 81 27 10 59 97 56 43 47 30 73 87 25 17 45 46 70 76 101 5 31 28 63 2 29 89 67 79 8 20 48 36 54 16 98 52 39 82 85 50 58 26 9 41 22 6 42 75 40 95 53 14 24 83 86 32 49 74 91 33 44 62 84 99 18 37 64 35 51 65 71 72 69 93 7 90 57 23 21 13 96 55 19 15 88 80 94 11 92 77 100 38 78 3 68 66 34 61 101
0 10 30 97 21 4 27 39 95 57 9 79 17 100 88 35 29 53 77 16 94 13 71 99 54 18 12 69 36 72 37 55 51 20 67 81 75 85 25 6 43 8 40 47 50 56 82 93 59 23 90 26 58 60 87 48 89 41 22 45 52 7 42 19 15 11 86 62 46 96 68 80 73 84 33 2 28 49 14 74 24 83 92 70 44 65 98 64 32 63 78 91 31 66 3 38 34 76 61 101 5 101
0 36 67 75 97 56 18 71 27 20 79 81 85 30 59 6 8 43 10 13 69 40 25 50 72 98 70 28 101 4 37 55 77 100 19 96 32 49 2 62 65 12 33 54 73 99 45 42 82 93 57 26 21 23 58 48 11 7 35 15 80 52 41 17 22 9 39 90 87 60 84 47 95 51 89 29 94 53 16 46 92 3 88 91 24 83 44 86 64 38 63 14 66 76 34 68 78 5 31 74 61 101
0 72 39 7 26 42 41 90 79 85 48 60 71 18 74 75 69 20 93 81 67 30 55 97 10 43 56 59 47 25 40 50 6 23 82 52 80 58 27 9 21 57 8 22 89 45 87 13 33 38 64 29 99 36 54 24 62 32 49 2 91 73 31 5 3 94 77 53 92 19 88 70 11 17 16 96 100 46 98 15 95 51 35 37 4 83 84 86 65 14 28 12 44 66 78 63 76 68 34 101 61 101
0 10 30 97 59 47 93 25 21 45 89 22 67 27 81 42 85 23 56 6 79 20 57 8 90 48 82 39 50 40 43 69 86 95 73 58 75 9 26 36 18 71 72 37 99 87 51 60 4 33 5 66 31 84 12 11 53 17 96 49 2 74 64 44 83 65 24 28 32 63 91 62 98 29 14 7 35 100 70 55 41 15 80 52 92 77 19 78 94 88 13 3 54 16 76 68 46 34 61 101 38 101
0 97 59 10 56 47 30 40 25 81 42 67 79 22 73 7 27 21 90 43 20 48 6 85 82 39 23 93 50 8 95 45 55 36 37 72 75 4 32 80 62 65 31 94 46 99 69 60 51 57 26 58 71 87 89 17 41 13 11 9 70 15 29 100 19 77 88 38 76 78 68 3 5 44 64 28 2 49 86 66 83 14 63 74 24 35 91 84 33 18 12 54 98 52 16 96 53 92 61 101 34 101
0 74 100 57 52 83 49 2 32 54 33 12 51 71 37 36 60 80 17 46 58 97 72 95 22 75 88 16 15 29 7 13 11 90 27 85 79 9 26 81 21 67 93 25 47 56 89 40 30 43 69 50 20 42 41 87 39 59 23 6 8 10 48 45 82 99 24 18 35 4 55 65 86 84 62 70 98 73 14 28 66 44 94 96 77 64 53 19 78 92 91 68 38 61 76 3 5 63 34 101 31 101
0 80 60 4 68 44 5 54 14 74 63 13 12 36 84 29 71 37 99 55 18 51 83 86 49 33 65 32 24 64 2 28 96 88 91 73 94 16 62 53 17 70 77 7 6 58 81 85 47 43 10 56 40 30 97 69 50 75 23 48 45 57 39 79 27 42 93 22 20 67 21 82 90 25 59 89 9 72 87 41 26 95 100 8 52 11 46 15 35 3 19 98 31 38 101 78 66 34 76 61 92 101
0 52 96 2 71 47 43 30 89 15 72 40 10 59 56 69 67 79 93 20 21 42 27 97 50 82 75 55 51 83 49 18 35 29 13 39 25 8 57 23 48 85 6 81 60 9 87 45 4 32 33 12 84 41 90 54 37 11 99 95 26 36 22 58 7 80 94 101 61 64 14 76 78 38 34 86 74 19 16 98 62 73 65 17 88 70 77 92 100 53 28 63 3 91 68 46 24 31 66 44 5 101
0 59 30 97 10 40 54 86 83 49 26 84 37 46 33 19 35 4 12 18 51 55 47 25 43 72 50 22 79 93 56 8 81 20 39 23 89 48 57 67 82 90 27 21 75 71 69 36 77 100 96 41 58 9 11 45 60 85 87 42 6 17 52 80 15 95 13 99 29 70 7 65 88 16 63 38 78 3 98 34 64 74 32 14 66 76 62 53 73 2 68 44 94 91 31 28 92 5 61 101 24 101
0 31 92 22 59 36 55 32 51 54 2 83 86 33 14 53 70 7 95 4 84 65 12 73 35 18 71 99 30 87 72 69 56 97 43 47 39 79 50 93 25 20 81 40 21 57 48 60 37 82 6 90 8 85 9 26 10 89 75 23 58 42 67 45 27 17 41 13 80 15 11 46 77 52 98 94 96 91 101 38 61 68 74 24 63 5 88 78 44 28 64 66 49 29 16 100 62 19 3 76 34 101
0 101 3 95 19 46 88 17 92 77 100 18 35 80 70 72 42 97 56 43 10 30 27 21 20 81 67 23 79 39 25 82 47 40 50 85 90 59 48 51 71 41 15 96 11 6 13 45 69 9 52 60 57 58 99 37 29 75 93 7 22 8 89 26 36 86 63 64 54 55 4 87 2 33 94 16 62 49 65 83 84 12 74 53 32 91 14 73 24 28 31 44 76 98 66 34 68 5 38 78 61 101
0 92 30 50 3 32 84 54 12 4 18 75 58 13 85 97 90 55 51 37 71 99 60 42 48 6 8 87 36 23 95 9 82 57 39 69 72 10 43 59 56 47 25 27 93 19 79 26 67 20 81 45 89 22 7 21 41 35 40 15 70 29 46 52 80 17 98 77 100 88 33 2 73 14 65 91 62 94 16 11 96 49 86 28 63 74 53 61 31 66 64 78 34 101 38 83 44 5 68 76 24 101
0 90 97 50 10 30 59 40 56 14 52 15 80 9 39 81 79 93 85 20 21 44 75 45 6 27 23 57 8 42 67 47 37 36 77 19 69 58 13 26 60 87 22 41 89 7 71 43 82 48 25 72 55 99 51 4 24 91 3 70 54 94 11 95 18 12 84 83 32 65 86 49 33 28 63 2 66 64 5 38 61 34 101 73 68 88 29 62 17 46 16 31 96 98 53 100 74 78 92 76 35 101
0 80 52 85 95 11 13 7 54 75 37 71 18 36 15 17 29 46 70 58 42 81 67 79 21 89 30 45 26 27 43 97 57 56 10 47 25 59 40 8 20 99 4 51 55 50 69 48 82 6 39 23 90 93 87 41 60 22 72 35 84 88 12 2 86 101 3 92 77 100 98 32 63 14 94 53 65 62 19 78 28 5 44 64 33 73 96 16 74 49 24 83 9 91 31 34 66 68 38 76 61 101
0 49 2 74 62 18 84 16 13 95 42 77 3 38 31 44 78 101 92 76 100 34 66 68 83 32 65 52 21 85 39 40 10 30 59 43 97 56 90 57 23 6 25 75 17 89 87 8 82 48 20 67 27 79 50 81 58 35 36 72 71 51 69 47 55 37 93 60 26 45 54 99 7 22 9 41 15 80 70 88 19 46 96 29 4 11 94 14 12 98 91 33 28 24 53 86 64 63 73 5 61 101
0 42 75 25 10 56 43 22 26 87 79 81 50 47 40 59 97 82 20 21 93 85 30 23 89 57 9 60 41 67 7 58 48 39 90 45 6 8 69 27 99 71 4 72 37 55 18 36 12 78 13 35 16 80 15 101 53 52 2 14 65 84 51 83 33 62 29 17 46 11 70 3 98 19 77 96 92 88 100 94 32 86 73 54 44 28 91 24 64 49 66 31 5 68 63 38 74 95 34 61 76 101
0 49 60 53 72 18 98 88 63 83 14 91 28 62 86 44 64 2 33 54 24 29 78 74 82 30 59 89 99 56 26 58 9 40 97 10 90 69 43 47 27 20 79 42 81 22 21 93 50 25 67 48 45 85 8 6 39 57 87 23 75 71 51 55 37 12 84 4 65 36 32 35 11 95 41 13 19 16 46 17 52 7 80 15 94 96 70 92 77 100 38 31 61 5 66 34 73 3 76 101 68 101
0 85 93 79 20 67 81 37 28 68 17 80 101 83 64 18 87 21 43 59 30 8 97 47 27 56 40 10 50 82 95 41 45 25 23 6 39 48 26 9 42 7 90 58 36 22 57 13 69 60 72 89 71 84 75 4 99 98 74 24 44 15 11 55 12 35 54 32 65 94 52 73 19 66 88 46 16 96 29 62 61 100 31 77 3 51 14 53 92 86 49 33 70 91 2 76 63 38 5 78 34 101
0 95 26 21 81 42 56 10 59 97 93 30 50 89 79 48 82 39 8 57 47 69 40 27 25 43 6 85 23 20 67 52 74 63 70 11 80 7 15 17 90 72 22 13 45 41 9 87 60 75 55 58 99 71 37 4 36 64 83 49 2 86 84 51 35 29 12 32 65 18 54 53 92 73 88 19 3 46 100 96 68 31 77 16 91 78 33 94 98 14 24 62 28 38 66 61 34 5 101 76 44 101
0 30 10 56 97 59 11 58 40 57 6 42 23 90 101 71 26 43 47 25 8 81 79 21 93 20 39 82 48 67 85 50 45 22 89 41 15 35 28 74 62 54 16 96 78 49 83 32 44 73 94 84 53 9 7 17 92 19 95 70 52 80 12 55 37 77 69 75 60 86 2 4 98 27 87 99 51 36 100 88 13 46 91 72 18 29 14 33 24 63 64 38 68 3 66 5 31 65 34 61 76 101
0 8 30 97 59 69 56 90 31 32 49 2 86 4 20 81 21 79 85 93 7 9 58 19 16 68 38 62 80 70 74 14 83 98 77 44 24 64 63 91 94 96 61 78 76 5 100 3 53 28 66 73 54 33 84 65 10 36 72 47 87 48 22 99 18 51 12 37 75 27 57 50 60 23 6 71 43 55 25 40 89 39 26 67 45 42 95 35 46 29 82 11 52 13 15 41 88 92 34 101 17 101
0 49 54 42 82 43 21 62 35 101 91 3 78 17 53 64 31 77 100 19 46 98 92 94 70 96 4 13 29 15 88 80 58 84 69 50 20 23 39 25 56 30 10 59 47 40 8 48 67 81 27 6 93 85 87 60 95 12 9 52 41 7 45 79 89 22 90 97 99 36 57 55 18 37 75 71 72 51 11 16 32 65 73 33 86 26 24 83 14 2 74 44 68 5 28 66 63 34 38 76 61 101
0 69 17 12 71 52 80 98 29 13 65 18 55 56 30 10 97 32 94 33 49 83 2 53 44 62 14 38 34 96 3 92 77 100 19 88 15 70 11 7 27 79 48 81 67 21 42 41 22 9 47 25 59 6 20 40 87 85 57 43 54 4 45 90 50 8 23 39 93 82 60 72 95 89 58 36 26 99 75 51 37 84 35 46 16 78 86 91 24 73 64 101 63 31 76 28 74 66 5 68 61 101
0 80 77 92 100 67 32 2 88 24 63 65 40 97 10 30 59 20 85 51 12 50 43 6 18 72 56 45 8 69 54 71 99 37 27 23 57 7 47 84 75 36 9 60 42 79 25 15 17 82 89 101 38 74 83 49 33 91 26 41 90 81 48 93 39 73 5 44 64 46 14 53 86 96 70 58 19 21 52 4 22 11 87 95 13 55 35 28 29 16 62 98 3 31 94 78 68 76 34 66 61 101
0 58 67 93 81 79 59 30 97 10 20 85 8 55 37 9 90 26 6 42 95 89 43 47 27 50 56 75 72 65 24 83 32 73 91 14 88 51 57 40 82 22 41 11 17 52 80 62 96 13 7 45 21 87 48 23 69 39 25 92 98 77 100 46 19 60 53 16 15 94 70 35 29 36 71 54 99 12 4 84 33 86 49 18 78 3 31 2 44 74 28 64 63 34 68 66 5 76 61 101 38 101
0 75 71 37 51 27 60 55 69 72 50 21 87 92 22 7 89 81 67 42 79 6 59 82 48 40 10 30 56 43 47 25 93 20 97 8 23 39 45 90 57 12 91 13 41 99 9 85 26 17 80 52 16 101 76 96 77 100 11 88 32 83 2 49 24 36 84 4 29 46 53 19 95 15 98 94 18 33 86 65 58 35 62 54 73 64 14 44 28 5 78 63 3 68 66 74 31 38 34 61 70 101
0 29 74 14 63 33 65 54 91 94 18 55 10 67 21 84 36 60 99 37 51 9 80 59 30 8 75 43 6 79 52 11 13 47 42 41 20 93 56 40 57 50 4 27 69 87 45 97 85 25 39 71 72 89 22 48 82 23 90 81 35 58 95 15 17 26 12 62 53 46 70 96 7 16 2 86 49 24 73 88 77 92 28 64 32 44 101 68 19 100 78 3 83 31 66 38 98 76 5 61 34 101
0 10 5 3 24 35 17 15 52 11 80 37 13 43 41 42 27 22 20 39 23 89 7 21 79 81 93 48 85 97 67 95 45 9 18 36 84 71 4 69 90 57 30 82 47 40 56 25 50 8 6 59 72 75 60 51 87 12 26 96 77 19 28 91 74 2 83 86 99 55 63 65 14 54 49 32 33 29 78 64 44 62 53 94 88 58 98 16 92 73 70 100 31 68 66 38 101 61 76 46 34 101
0 9 58 20 79 21 15 42 22 81 50 30 97 10 43 40 85 93 6 25 27 82 23 37 56 59 8 47 57 90 67 89 45 60 48 39 26 44 38 7 11 41 17 80 14 72 83 49 2 74 63 62 92 100 51 75 99 71 55 87 94 32 13 36 18 35 69 28 70 88 5 86 64 24 53 16 46 96 19 73 91 33 84 54 12 65 4 29 95 52 77 31 76 98 78 68 3 61 34 101 66 101
0 62 65 52 26 76 51 36 71 58 99 72 37 75 84 4 55 12 83 35 20 10 97 59 30 43 85 23 25 47 40 69 56 50 8 79 42 67 81 89 21 93 39 22 27 82 57 6 45 90 60 87 9 41 48 13 95 7 15 80 11 92 91 96 2 73 94 54 53 98 74 49 32 18 38 14 86 5 101 100 3 19 17 77 70 88 29 16 24 63 64 28 33 46 31 44 78 66 68 34 61 101
0 100 63 73 52 97 7 80 51 4 65 36 83 2 84 44 86 33 32 54 35 24 62 49 53 18 29 70 58 57 43 30 10 6 55 8 59 47 93 23 90 50 75 25 71 85 40 56 67 20 21 79 81 41 17 15 22 42 45 69 48 9 39 60 37 27 99 89 72 87 26 95 82 13 12 31 92 11 96 46 98 16 88 91 28 19 78 94 101 34 3 61 14 74 5 66 68 38 76 64 77 101
0 10 59 6 23 28 77 54 51 97 99 80 22 15 89 95 16 65 20 47 30 40 56 39 69 93 21 81 67 42 79 27 25 85 43 8 50 48 82 26 45 71 90 87 9 57 58 72 60 75 55 37 4 12 18 36 11 7 17 41 96 52 13 29 32 86 49 2 84 66 101 53 24 83 100 91 35 73 33 64 44 88 46 31 19 98 14 94 92 70 68 5 76 3 62 61 38 34 74 78 63 101
0 30 56 47 40 74 15 51 99 67 39 26 13 25 82 48 79 17 11 42 18 78 77 19 92 88 83 68 100 58 60 9 52 87 41 89 43 23 57 84 28 44 91 37 86 24 46 73 96 94 16 53 29 98 70 62 80 95 45 22 81 27 93 90 6 21 50 20 8 97 59 85 75 72 36 12 55 7 71 69 4 10 65 14 32 33 63 49 35 2 54 34 38 3 64 66 5 61 76 101 31 101
0 67 55 57 65 78 4 18 86 49 91 60 93 20 21 81 48 45 40 69 59 30 43 97 47 10 50 8 56 72 27 87 25 75 26 38 80 52 29 70 32 35 12 63 13 16 28 84 2 61 62 83 44 64 74 33 14 24 53 54 73 37 71 51 99 6 82 23 41 85 9 36 11 58 42 39 22 79 95 89 7 90 15 98 88 94 96 19 77 17 92 46 100 3 66 68 5 31 76 101 34 101
0 20 23 30 10 56 59 43 15 64 33 2 4 51 29 92 66 78 3 16 100 52 98 44 91 17 14 24 32 74 94 77 70 28 84 53 49 83 86 73 68 63 65 18 54 12 37 47 88 61 38 75 55 35 71 11 72 62 95 41 99 93 67 21 6 90 85 42 81 27 80 26 48 39 89 87 79 97 40 50 57 69 8 25 82 22 7 9 58 45 60 19 46 36 96 13 34 101 5 76 31 101
0 2 83 49 55 19 42 27 77 74 51 10 79 20 59 97 50 40 30 69 43 80 24 12 101 64 44 86 84 93 36 81 45 67 57 56 25 8 82 23 85 39 47 6 90 89 48 21 41 26 22 17 13 65 37 4 32 35 99 92 88 70 46 52 96 11 7 15 95 58 87 9 63 28 14 18 60 72 71 33 54 94 73 75 53 98 29 16 62 68 3 91 31 100 78 38 76 66 34 5 61 101
0 23 50 90 21 20 81 67 45 71 44 14 28 9 6 8 47 59 97 40 10 56 30 43 85 82 11 42 62 32 69 65 84 18 22 79 27 48 77 17 72 25 13 100 19 46 26 80 70 7 95 57 89 93 51 15 87 41 58 75 55 99 98 39 4 12 37 35 60 52 54 96 83 86 2 49 92 31 94 88 53 16 29 33 91 73 24 66 61 63 74 64 34 3 36 5 78 38 76 101 68 101
0 31 7 36 20 95 47 43 97 59 10 25 40 41 48 19 32 72 79 30 69 85 67 82 56 9 99 37 2 3 77 92 8 60 90 50 39 71 55 51 57 35 74 18 62 94 81 93 21 6 89 58 45 13 84 4 87 27 23 11 22 53 88 52 26 28 5 83 24 44 64 49 33 63 14 98 100 17 29 46 16 70 42 96 15 75 80 12 54 73 86 91 101 68 65 66 78 34 76 38 61 101
